camera_matrix:
- - 1053
  - 0.0
  - 971.8
- - 0.0
  - 1053
  - 546.394
- - 0.0
  - 0.0
  - 1.0
dist_coeff:
- - 0
  - 0
  - 0
  - 0
  - 0