camera_matrix:
- - 605.839599609375
  - 0.0
  - 315.699493408203
- - 0.0
  - 606.218078613281
  - 241.644165039062
- - 0.0
  - 0.0
  - 1.0
dist_coeff:
- - 0
  - 0
  - 0
  - 0
  - 0