camera_matrix:
- - 607.157348632812
  - 0.0
  - 315.798370361328
- - 0.0
  - 607.830505371094
  - 226.742065429688
- - 0.0
  - 0.0
  - 1.0
dist_coeff:
- - 0
  - 0
  - 0
  - 0
  - 0