%YAML:1.0
---
camera_matrix: !!opencv-matrix
   rows: 3
   cols: 3
   dt: d
   data: [605.839599609375, 0., 315.699493408203, 0.,
       606.218078613281, 241.644165039062, 0., 0., 1. ]
distortion_coefficients: !!opencv-matrix
   rows: 1
   cols: 5
   dt: d
   data: [ 0, 0, 0, 0, 0 ]
