- Camera center to left

Rotation matrix:
  [ 0.98543566, 0.042277779, 0.16470966;
    -0.078468107, 0.97236675, 0.21987633;
    -0.15086232, -0.2295984, 0.96152234 ]

Translation vector:
  [ -0.39072222;
    0.27189398;
    -0.62192124 ]

Rotation vector:
  [ -0.22780877;
    0.15994239;
    -0.061198037 ]

- Camera right to center

Rotation matrix:
  [ 0.99351341, 0.11242391, 0.017086796;
    -0.1058159, 0.96902907, -0.22312708;
    -0.041642416, 0.2198717, 0.97463959 ]

Translation vector:
  [ 0.36860722;
    0.46355382;
    -0.26471555 ]

Rotation vector:
  [ 0.22384794;
    0.029675959;
    -0.1102769 ]

- Camera right to left

Rotation matrix:
  [0.9676440978170356, 0.1473977113477825, 0.2047899487746135;
 -0.1466511690622389, 0.9890076067812084, -0.01890401741564809;
 -0.2053252274880752, -0.01174030895535508, 0.9786234135193631]

Translation vector:
  [0.0003601978261445482;
  0.9071390842084758;
 -0.7948122035378421]

Rotation vector (RPY):
  [-0.0119962, 0.206796, -0.15041]

