%YAML:1.0
---
camera_matrix: !!opencv-matrix
   rows: 3
   cols: 3
   dt: d
   data: [ 607.157348632812, 0., 315.798370361328, 0.,
       607.830505371094, 226.742065429688, 0., 0., 1. ]
distortion_coefficients: !!opencv-matrix
   rows: 1
   cols: 5
   dt: d
   data: [ 0, 0, 0, 0, 0 ]
