camera_matrix:
- - 228.67862730526764
  - 0.0
  - 256.8215288448723
- - 0.0
  - 229.1116852888486
  - 243.94537707648513
- - 0.0
  - 0.0
  - 1.0
dist_coeff:
- - -0.06108142987405634
  - 0.10559070797547318
  - -0.009692060331247086
  - 0.008011546852013114
  - -0.06573790485518059
