%YAML:1.0
---
K1: !!opencv-matrix
   rows: 3
   cols: 3
   dt: d
   data: [ 6.0583959960937500e+02, 0., 3.1569949340820301e+02, 0.,
       6.0621807861328102e+02, 2.4164416503906199e+02, 0., 0., 1. ]
D1: !!opencv-matrix
   rows: 1
   cols: 5
   dt: d
   data: [ 0., 0., 0., 0., 0. ]
K2: !!opencv-matrix
   rows: 3
   cols: 3
   dt: d
   data: [ 6.0715734863281205e+02, 0., 3.1579837036132801e+02, 0.,
       6.0783050537109398e+02, 2.2674206542968801e+02, 0., 0., 1. ]
D2: !!opencv-matrix
   rows: 1
   cols: 5
   dt: d
   data: [ 0., 0., 0., 0., 0. ]
R: !!opencv-matrix
   rows: 3
   cols: 3
   dt: d
   data: [ 7.2734848015356435e-01, -2.2594781181562451e-01,
       -6.4800599901083566e-01, 2.3492321355518436e-01,
       9.6917420480170868e-01, -7.4245838131715994e-02,
       6.4480638346034180e-01, -9.8229054167831967e-02,
       7.5800777091405069e-01 ]
T: !!opencv-matrix
   rows: 3
   cols: 1
   dt: d
   data: [ -1.3625106288436281e-01, -4.3122425005660117e-02,
       -7.2813793251620504e-02 ]
E: !!opencv-matrix
   rows: 3
   cols: 3
   dt: d
   data: [ -1.0699964612126026e-02, 7.4805125194964586e-02,
       -3.8093254362464794e-02, 3.4894553245311558e-02,
       3.0683042187061860e-03, 1.5046313929943078e-01,
       -6.4350725470107423e-04, -1.4179443309455220e-01,
       -1.7827515735375967e-02 ]
F: !!opencv-matrix
   rows: 3
   cols: 3
   dt: d
   data: [ -1.2892756620394653e-06, 9.0079002906966462e-06,
       -4.5504791689022659e-03, 4.1999086944050281e-06,
       3.6907055405554462e-07, 9.5565076197005813e-03,
       -5.9222283432886890e-04, -1.3295353406511397e-02, 1. ]
R1: !!opencv-matrix
   rows: 3
   cols: 3
   dt: d
   data: [ 9.7375682086340409e-01, 2.4035308056686678e-02,
       -2.2631826658185661e-01, -1.8299952155859934e-02,
       9.9945685526480577e-01, 2.7406317068847733e-02,
       2.2685406228033339e-01, -2.2545474730090477e-02,
       9.7366777496028156e-01 ]
R2: !!opencv-matrix
   rows: 3
   cols: 3
   dt: d
   data: [ 8.4948541286321733e-01, 2.6885567153840140e-01,
       4.5397264368488577e-01, -2.5689498971006230e-01,
       9.6231391438564362e-01, -8.9201426231013958e-02,
       -4.6084650111992392e-01, -4.0847987238237737e-02,
       8.8653930783925694e-01 ]
P1: !!opencv-matrix
   rows: 3
   cols: 4
   dt: d
   data: [ 1.2057297968925643e+03, 0., 2.1014454257488251e+02, 0., 0.,
       1.2057297968925643e+03, 2.3785253143310547e+02, 0., 0., 0., 1.,
       0. ]
P2: !!opencv-matrix
   rows: 3
   cols: 4
   dt: d
   data: [ 1.2057297968925643e+03, 0., 2.1014454257488251e+02,
       -1.9338997926314144e+02, 0., 1.2057297968925643e+03,
       2.3785253143310547e+02, 0., 0., 0., 1., 0. ]
Q: !!opencv-matrix
   rows: 4
   cols: 4
   dt: d
   data: [ 1., 0., 0., -2.1014454257488251e+02, 0., 1., 0.,
       -2.3785253143310547e+02, 0., 0., 0., 1.2057297968925643e+03, 0.,
       0., 6.2347066869062253e+00, 0. ]
